1: 45 47 48 50 51 52 54 51 v
2: 23 26 27 30 30 v
3: 40 41 44 47 49 51 55 v
4: 12 15 18 19 26 v
5: 78 81 83 84 83 84 
6: 5 7 10 7 4 
7: 28 30 32 29 29 
8: 65 68 70 73 76 78 75 79 v
9: 5 7 8 6 9 10 12 17 
10: 63 64 64 67 68 71 v
11: 34 37 38 39 39 40 37 
12: 72 74 74 75 76 77 77 
13: 57 60 61 62 62 64 68 
14: 12 14 15 16 16 23 
15: 82 83 87 90 91 93 95 96 
16: 25 27 31 32 29 
17: 20 21 23 26 30 30 
18: 34 37 38 42 45 47 51 
19: 24 27 30 34 40 
20: 10 13 15 16 18 20 26 27 
21: 76 78 83 86 83 
22: 49 51 56 59 60 62 62 
23: 27 28 29 32 39 43 
24: 55 56 62 63 66 73 
25: 21 20 23 25 28 29 30 v
26: 79 77 80 83 85 86 87 86 
27: 29 26 28 30 30 
28: 48 47 50 53 55 57 59 63 
29: 12 10 13 15 16 17 19 26 
30: 50 49 51 52 50 52 
31: 87 86 87 86 83 
32: 60 59 60 59 61 61 
33: 32 30 33 30 34 
34: 44 41 39 40 41 48 
35: 27 26 28 28 31 33 
36: 16 13 16 16 17 19 21 19 
37: 39 38 38 40 42 44 46 46 
38: 57 56 58 59 61 64 64 68 
39: 47 44 46 48 48 55 
40: 16 15 19 22 23 25 v
41: 11 8 9 13 15 16 13 
42: 4 2 6 8 9 9 
43: 15 14 16 17 21 25 
44: 37 34 38 39 41 46 
45: 88 85 92 93 94 
46: 83 81 83 85 91 93 91 
47: 40 37 40 42 47 48 48 
48: 72 69 70 72 74 80 81 85 
49: 18 17 19 21 26 28 33 
50: 39 39 42 43 46 v
51: 53 53 54 56 58 59 57 
52: 80 80 81 84 84 
53: 73 73 75 78 80 83 86 90 
54: 74 74 77 79 80 86 
55: 78 78 81 83 82 85 
56: 24 24 22 24 22 
57: 28 28 31 29 30 30 
58: 62 62 65 63 64 68 
59: 49 49 52 49 52 55 61 
60: 85 85 85 87 89 90 92 95 
61: 6 6 6 8 6 
62: 75 75 75 78 81 84 85 85 
63: 74 74 75 77 77 79 83 
64: 21 21 22 22 28 
65: 80 80 83 87 88 89 
66: 66 66 68 72 74 72 
67: 86 86 87 91 94 95 95 
68: 62 62 65 68 71 75 76 80 
69: 41 41 44 45 46 49 53 58 
70: 31 31 34 35 36 38 44 46 
71: 83 83 86 87 89 95 98 96 
72: 31 31 32 35 41 41 
73: 79 79 81 84 85 90 92 96 
74: 69 69 75 77 78 85 
75: 55 59 60 61 62 65 v
76: 81 85 86 88 87 
77: 57 61 63 65 67 68 70 70 
78: 3 7 9 12 16 
79: 36 40 43 45 52 
80: 2 6 7 9 10 9 11 
81: 69 73 76 73 72 
82: 54 58 61 64 62 63 63 
83: 18 22 20 21 25 
84: 55 59 57 60 67 
85: 51 55 56 56 57 
86: 6 10 13 13 12 
87: 26 30 32 32 35 38 40 40 
88: 54 58 58 59 63 
89: 14 18 19 22 23 23 26 33 
90: 45 49 52 55 59 60 63 66 
91: 52 56 58 61 65 68 65 
92: 1 5 7 11 12 12 
93: 61 65 66 67 71 75 
94: 62 66 70 73 78 
95: 21 25 32 33 34 36 38 
96: 56 60 61 64 70 73 71 
97: 25 29 34 35 35 
98: 31 35 41 44 47 51 
99: 2 6 8 15 22 
100: 53 60 61 63 66 67 68 v
101: 70 76 77 80 83 81 
102: 10 17 19 21 23 25 25 
103: 8 14 15 16 18 20 24 
104: 42 47 49 52 54 55 57 62 
105: 9 15 14 17 19 20 22 
106: 14 21 20 22 20 
107: 70 75 73 74 74 
108: 86 91 90 92 96 
109: 33 38 39 38 44 
110: 73 79 80 80 82 
111: 81 87 89 89 91 94 91 
112: 63 70 70 72 72 
113: 72 78 78 79 83 
114: 8 15 15 17 19 25 
115: 60 66 69 70 74 75 77 79 
116: 19 24 25 29 28 
117: 28 34 38 40 42 42 
118: 24 31 34 35 39 43 
119: 11 17 18 21 25 28 34 
120: 63 69 76 77 78 
121: 28 35 37 43 41 
122: 71 78 79 84 85 87 90 90 
123: 25 31 32 33 36 41 45 
124: 36 41 42 43 48 53 
125: 37 36 35 32 29 32 v
126: 25 23 20 17 16 13 13 v
127: 33 31 30 27 25 22 20 16 v
128: 47 45 43 41 39 33 v
129: 15 12 11 8 11 10 
130: 63 60 58 59 58 57 56 57 
131: 5 4 3 2 1 4 4 
132: 58 56 53 50 49 51 50 46 
133: 88 85 84 86 80 
134: 47 46 45 45 43 41 39 v
135: 45 42 39 37 36 36 37 
136: 69 68 67 66 65 62 62 62 
137: 83 80 80 78 75 71 
138: 37 35 32 29 29 28 23 
139: 34 33 29 28 25 
140: 51 48 46 42 40 42 
141: 65 64 61 57 56 54 54 
142: 52 49 45 44 41 37 
143: 48 46 44 41 37 32 
144: 59 56 55 52 51 44 42 40 
145: 40 38 36 34 31 25 23 26 
146: 93 91 88 83 83 
147: 44 43 42 40 34 31 30 26 
148: 86 84 83 77 72 
149: 83 84 81 80 77 76 74 73 v
150: 14 15 14 13 11 8 7 9 
151: 74 75 74 73 71 68 68 
152: 52 53 52 49 47 46 42 
153: 20 21 19 18 17 16 11 
154: 63 65 64 61 64 63 
155: 62 64 63 60 62 64 
156: 36 37 35 36 33 31 31 
157: 70 72 73 72 70 68 65 61 
158: 30 31 33 32 26 
159: 14 17 17 15 14 13 11 
160: 28 31 31 29 28 31 
161: 33 36 36 35 33 32 32 
162: 79 81 81 78 75 74 73 69 
163: 78 80 80 79 78 72 
164: 71 72 71 67 64 63 60 
165: 81 82 81 80 76 79 
166: 62 63 59 58 57 57 
167: 82 84 83 81 78 77 73 69 
168: 76 78 74 71 65 
169: 56 57 50 48 46 44 43 40 
170: 96 97 95 92 90 84 81 84 
171: 70 73 66 65 64 61 58 58 
172: 34 35 28 27 26 25 21 
173: 47 49 46 44 41 34 33 27 
174: 97 97 95 92 90 88 87 v
175: 47 47 45 42 44 
176: 70 70 69 68 65 64 64 
177: 13 13 10 7 3 
178: 83 83 80 78 77 72 
179: 14 14 17 16 13 11 10 
180: 76 76 74 77 74 72 71 73 
181: 31 31 29 28 26 27 27 
182: 80 80 77 79 76 73 71 67 
183: 19 19 17 20 19 12 
184: 28 28 25 23 23 20 18 17 
185: 86 86 84 81 78 78 79 
186: 36 36 34 34 31 30 30 
187: 75 75 75 74 72 71 67 
188: 55 55 55 52 47 
189: 64 64 60 57 56 
190: 80 80 76 75 74 72 73 
191: 56 56 52 49 49 
192: 31 31 28 24 20 
193: 68 68 67 63 61 60 53 
194: 43 43 38 36 33 32 
195: 72 72 70 64 66 
196: 40 40 38 32 30 30 
197: 37 37 34 33 31 25 24 20 
198: 62 62 60 55 50 
199: 30 26 23 22 19 17 v
200: 94 90 87 85 83 81 78 81 
201: 62 58 55 53 52 52 
202: 90 86 84 83 80 76 
203: 98 94 92 90 85 
204: 47 43 40 38 37 40 39 
205: 39 35 37 36 37 
206: 76 72 69 68 65 64 65 65 
207: 26 22 19 17 19 18 16 12 
208: 42 38 36 39 34 
209: 93 89 86 86 85 82 81 
210: 47 43 40 38 37 34 34 36 
211: 63 59 59 56 56 
212: 70 66 65 63 63 60 56 
213: 95 91 88 86 86 85 78 
214: 43 39 36 32 30 
215: 22 18 15 12 8 7 8 
216: 78 74 73 70 66 64 61 61 
217: 37 33 32 28 27 24 23 19 
218: 30 26 25 22 18 16 9 
219: 75 71 66 64 62 59 56 55 
220: 50 46 45 44 38 35 32 35 
221: 82 78 77 76 69 67 67 
222: 64 60 53 50 48 47 45 41 
223: 90 86 84 83 82 77 76 69 
224: 54 49 48 45 42 40 39 38 v
225: 76 70 69 66 65 64 62 64 
226: 12 5 4 3 2 2 
227: 49 43 41 38 37 34 30 
228: 95 90 89 86 85 80 
229: 82 77 74 72 71 73 70 68 
230: 50 44 43 42 40 38 40 42 
231: 51 44 42 45 45 
232: 22 15 17 15 11 
233: 32 26 25 27 26 23 17 
234: 32 27 27 25 22 
235: 43 36 36 33 35 
236: 74 68 66 63 63 60 57 57 
237: 45 40 38 38 35 31 
238: 64 57 56 53 53 50 49 42 
239: 92 87 83 82 79 
240: 55 49 47 44 40 43 
241: 34 27 26 24 22 18 18 
242: 95 88 85 84 80 76 
243: 76 71 67 64 62 56 
244: 68 62 60 59 52 50 47 
245: 28 22 19 13 10 13 
246: 90 85 84 77 74 72 72 
247: 81 75 70 69 66 63 62 58 
248: 68 62 57 56 55 54 52 46 
249: 73 76 79 77 76 73 72 72 
250: 97 97 95 94 94 93 90 
251: 67 68 62 60 57 56 58 
252: 41 45 47 50 51 54 56 60 
253: 75 75 75 76 73 
254: 84 84 81 83 86 90 
255: 11 11 6 5 1 
256: 27 27 30 32 36 38 43 
257: 57 53 51 50 48 44 44 
258: 39 32 31 30 29 30 31 
259: 89 93 94 94 96 
260: 56 63 70 73 75 78 75 
261: 48 46 48 52 52 
262: 31 35 35 38 41 44 47 51 
263: 96 92 89 92 88 
264: 23 27 26 29 34 
265: 45 41 40 39 40 38 32 
266: 36 36 38 42 44 46 
267: 66 65 66 69 70 72 77 
268: 13 13 16 15 15 
269: 78 76 78 79 86 87 85 
270: 10 10 7 3 1 
271: 52 49 51 56 60 
272: 3 5 8 9 16 19 23 
273: 13 18 22 23 23 
274: 45 45 43 42 45 42 
275: 73 66 65 63 66 63 57 
276: 26 27 26 25 21 18 14 
277: 28 28 29 31 33 39 
278: 91 92 89 87 82 81 78 74 
279: 88 88 91 91 94 95 95 
280: 66 65 64 62 61 58 58 57 v
281: 50 45 44 38 36 39 
282: 22 15 13 11 7 
283: 39 38 37 40 45 
284: 74 70 65 63 60 57 57 
285: 26 22 21 21 20 19 19 
286: 55 52 50 46 43 36 
287: 77 76 74 75 71 v
288: 27 25 25 28 30 33 36 36 
289: 67 67 68 70 71 72 75 75 
290: 95 91 88 87 89 86 84 83 
291: 6 5 9 11 13 14 15 v
292: 25 25 22 20 19 22 
293: 80 76 74 73 72 72 67 
294: 51 51 48 47 47 47 
295: 23 16 13 11 10 10 7 9 
296: 27 31 34 36 37 42 
297: 72 73 76 79 81 80 84 v
298: 7 4 6 7 8 10 13 15 v
299: 19 21 19 15 18 
300: 75 73 68 67 64 65 
301: 85 81 78 77 76 72 71 69 
302: 66 68 70 69 71 74 75 74 
303: 28 27 24 26 29 
304: 78 74 72 70 68 65 58 
305: 91 84 82 78 77 
306: 49 53 52 55 55 
307: 52 54 57 60 63 62 64 v
308: 33 33 30 28 25 22 18 14 
309: 99 98 94 91 88 85 83 83 
310: 62 64 70 72 79 
311: 28 28 30 31 31 32 36 
312: 83 79 74 73 72 69 
313: 49 53 57 60 61 62 63 
314: 50 56 57 63 65 67 68 72 
315: 77 84 81 84 81 
316: 40 43 45 42 38 
317: 58 61 64 71 73 
318: 54 58 61 62 65 68 68 74 
319: 7 8 11 14 18 21 23 
320: 13 10 9 8 7 6 6 v
321: 38 41 39 37 34 30 29 26 
322: 49 55 57 54 55 55 
323: 78 75 76 75 75 
324: 4 8 10 13 14 15 15 
325: 79 84 85 88 89 89 86 
326: 91 90 93 90 93 97 
327: 33 32 33 38 40 41 
328: 13 15 12 14 9 
329: 48 46 48 49 54 54 
330: 34 35 35 33 29 
331: 38 40 41 45 50 
332: 51 55 56 60 63 67 
333: 30 33 35 38 39 42 42 48 
334: 70 74 77 80 81 v
335: 14 12 14 11 13 
336: 53 58 61 62 63 v
337: 13 13 12 9 6 5 5 
338: 56 59 60 63 65 66 68 v
339: 16 14 11 9 7 4 1 v
340: 82 80 78 77 76 75 73 v
341: 33 32 30 28 26 24 23 21 v
342: 40 41 44 47 50 51 53 v
343: 22 25 26 27 28 v
344: 73 71 70 67 65 v
345: 37 36 35 34 32 31 v
346: 72 70 67 64 61 60 59 v
347: 6 9 11 12 15 18 20 22 v
348: 81 83 84 86 88 90 v
349: 12 13 16 19 20 23 v
350: 62 64 67 69 72 75 v
351: 19 17 16 14 12 v
352: 76 74 73 70 68 67 66 63 v
353: 90 89 86 85 83 81 v
354: 13 16 19 21 22 25 26 29 v
355: 22 23 24 26 27 30 31 v
356: 28 26 25 23 21 20 17 14 v
357: 65 64 61 60 57 v
358: 20 23 24 26 27 28 30 v
359: 65 63 60 59 57 55 v
360: 57 56 55 54 53 v
361: 13 16 18 21 24 27 v
362: 58 55 53 51 50 v
363: 36 34 32 29 26 24 v
364: 82 79 77 76 73 v
365: 43 46 49 51 54 55 v
366: 29 28 25 24 21 20 19 v
367: 56 59 62 64 66 v
368: 48 45 42 41 38 35 v
369: 35 34 31 28 26 23 v
370: 44 43 41 40 37 34 31 30 v
371: 43 46 49 52 53 54 55 57 v
372: 63 64 66 68 71 v
373: 92 90 88 87 85 84 81 80 v
374: 62 64 65 68 70 72 74 77 v
375: 48 50 51 52 54 57 58 v
376: 21 24 26 29 32 33 36 39 v
377: 83 81 79 78 75 v
378: 6 9 10 11 14 16 17 v
379: 22 21 18 17 15 v
380: 18 17 14 11 10 8 v
381: 83 84 85 88 91 v
382: 32 31 30 28 25 23 v
383: 28 30 33 36 38 39 40 v
384: 21 19 16 15 12 10 7 v
385: 13 15 16 19 21 24 27 v
386: 17 15 13 12 9 v
387: 61 62 65 66 68 v
388: 32 30 29 26 25 23 v
389: 69 68 65 64 62 v
390: 66 68 69 70 72 v
391: 69 66 65 63 60 57 54 v
392: 50 48 45 42 39 v
393: 12 15 18 19 20 21 24 v
394: 87 85 83 82 81 78 v
395: 56 57 60 61 64 66 v
396: 58 60 61 63 64 v
397: 23 26 28 29 31 34 v
398: 6 7 8 9 12 14 v
399: 66 69 70 73 76 v
400: 68 71 72 74 75 78 81 v
401: 27 26 23 21 19 v
402: 25 26 29 31 33 36 38 v
403: 4 6 8 11 14 17 18 21 v
404: 41 43 45 46 47 50 53 54 v
405: 16 18 21 24 26 28 29 v
406: 59 56 55 53 50 48 47 v
407: 88 85 84 81 80 77 v
408: 8 9 12 14 17 19 v
409: 9 10 12 15 17 18 v
410: 69 67 66 63 60 58 55 v
411: 61 63 66 67 69 v
412: 74 73 71 68 65 v
413: 4 5 8 10 13 v
414: 47 45 42 41 39 v
415: 11 13 15 17 20 23 25 v
416: 69 70 72 73 75 76 v
417: 89 90 91 93 94 97 v
418: 32 29 28 27 26 25 v
419: 13 11 8 5 4 2 v
420: 32 33 36 39 42 45 47 v
421: 54 52 50 48 46 44 43 v
422: 17 16 15 13 10 7 4 3 v
423: 52 49 48 47 46 44 41 v
424: 18 21 23 24 27 v
425: 80 81 83 84 85 v
426: 76 74 71 68 67 v
427: 32 34 35 37 40 v
428: 10 13 15 18 20 21 v
429: 52 55 57 60 63 65 v
430: 30 31 33 35 38 v
431: 52 50 47 46 44 43 v
432: 19 22 25 28 30 33 36 38 v
433: 76 79 81 82 84 85 88 v
434: 67 65 63 62 60 59 57 54 v
435: 26 23 20 19 18 17 v
436: 83 84 85 87 89 v
437: 16 17 19 22 24 26 27 v
438: 53 54 56 58 60 63 64 65 v
439: 42 44 47 48 49 51 52 v
440: 31 28 27 25 22 v
441: 21 18 17 16 15 12 10 8 v
442: 41 43 44 46 47 48 49 52 v
443: 40 42 45 48 49 50 51 v
444: 31 29 26 23 21 18 16 v
445: 9 11 13 14 16 18 20 v
446: 21 18 15 13 10 v
447: 91 90 88 87 85 84 v
448: 57 60 63 66 68 69 v
449: 30 31 33 34 35 v
450: 62 61 60 58 57 55 v
451: 41 44 45 46 49 51 v
452: 66 68 70 73 75 76 79 v
453: 60 61 63 64 66 68 71 v
454: 35 32 30 29 27 24 v
455: 21 22 24 25 26 27 28 v
456: 53 54 56 58 59 v
457: 14 17 18 20 21 24 26 27 v
458: 13 12 9 8 7 v
459: 65 66 67 68 71 72 75 v
460: 50 52 54 55 57 59 v
461: 15 13 11 9 8 5 v
462: 9 10 12 13 16 v
463: 21 19 17 16 13 10 7 6 v
464: 84 83 80 77 75 72 70 68 v
465: 41 40 37 34 32 30 v
466: 19 16 15 12 9 8 v
467: 42 45 47 50 52 55 57 v
468: 65 64 61 60 59 v
469: 93 91 90 89 88 v
470: 4 5 7 8 9 11 13 v
471: 75 74 72 70 68 67 65 v
472: 36 37 38 39 41 v
473: 29 32 35 38 41 44 47 v
474: 50 51 54 56 58 61 v
475: 76 75 72 69 67 65 63 v
476: 75 78 81 83 85 v
477: 60 62 63 65 67 70 71 v
478: 88 86 83 80 79 78 v
479: 63 62 59 56 53 52 v
480: 14 16 18 19 21 22 23 v
481: 50 52 55 58 60 61 64 65 v
482: 50 49 48 47 45 43 41 40 v
483: 37 39 41 42 43 45 47 48 v
484: 93 90 88 86 84 81 v
485: 44 46 48 50 53 v
486: 18 20 23 24 26 29 31 v
487: 31 33 34 37 40 41 44 47 v
488: 26 29 30 32 34 36 v
489: 68 70 71 74 76 77 v
490: 65 64 63 62 60 59 57 56 v
491: 3 5 8 11 13 16 v
492: 37 36 34 33 32 30 29 v
493: 85 82 80 78 75 73 71 69 v
494: 91 90 88 86 83 v
495: 65 62 61 58 57 55 53 51 v
496: 56 57 60 62 64 v
497: 2 3 5 6 7 10 13 v
498: 63 62 61 60 58 55 v
499: 7 9 11 13 14 v
500: 58 55 52 51 50 v
501: 30 31 32 34 37 40 43 44 v
502: 57 58 59 62 64 66 68 v
503: 65 64 62 60 57 v
504: 65 62 61 59 57 55 53 v
505: 21 18 16 13 12 v
506: 48 47 46 45 42 41 38 36 v
507: 40 39 37 36 34 31 28 v
508: 84 85 87 88 90 91 92 94 v
509: 58 57 55 54 51 49 47 44 v
510: 41 43 46 49 51 54 v
511: 84 85 88 91 92 93 95 96 v
512: 16 15 12 11 8 7 4 v
513: 52 54 57 58 60 v
514: 48 45 43 40 38 37 36 33 v
515: 91 88 87 84 82 79 v
516: 88 85 82 81 80 79 76 v
517: 45 46 48 51 53 56 57 v
518: 43 44 45 47 50 51 52 53 v
519: 61 60 57 54 52 50 48 v
520: 89 88 86 85 82 79 76 v
521: 81 79 76 73 70 68 66 63 v
522: 84 87 88 90 91 93 v
523: 42 41 38 36 33 30 27 v
524: 49 50 53 54 57 58 59 62 v
525: 39 41 43 46 47 48 51 53 v
526: 85 86 88 91 92 93 95 98 v
527: 90 87 84 81 80 77 v
528: 64 63 62 59 57 v
529: 71 72 73 76 78 79 81 v
530: 43 41 38 37 36 v
531: 56 57 59 60 62 65 68 71 v
532: 45 43 40 39 37 34 31 29 v
533: 30 32 35 36 38 40 v
534: 90 87 85 84 83 v
535: 1 3 6 8 9 10 12 13 v
536: 52 54 56 57 58 61 64 65 v
537: 69 66 64 62 61 58 57 v
538: 89 91 92 94 96 98 v
539: 69 72 73 75 77 v
540: 76 73 70 69 66 v
541: 54 56 58 59 61 64 67 v
542: 34 33 31 30 29 28 27 26 v
543: 48 47 45 42 40 37 v
544: 69 72 74 75 78 81 83 85 v
545: 31 33 36 37 38 v
546: 43 45 46 49 52 v
547: 38 41 42 43 45 v
548: 76 79 82 83 85 v
549: 55 53 51 50 49 48 v
550: 17 18 21 24 27 30 33 35 v
551: 42 40 39 38 35 32 30 v
552: 33 30 28 26 25 22 v
553: 34 32 29 27 25 23 v
554: 12 13 15 18 19 21 23 v
555: 33 35 36 38 41 44 46 v
556: 42 43 44 45 47 v
557: 18 20 21 23 25 v
558: 27 30 33 34 35 36 38 v
559: 28 26 23 22 20 17 15 14 v
560: 84 83 82 80 78 75 72 69 v
561: 17 18 19 20 22 25 27 v
562: 68 71 73 74 75 78 81 84 v
563: 69 66 65 63 60 v
564: 50 52 54 55 56 57 60 v
565: 10 12 14 16 17 18 21 24 v
566: 72 74 75 78 79 81 84 87 v
567: 77 74 73 71 68 66 64 v
568: 75 72 69 66 65 64 62 59 v
569: 90 87 84 83 80 79 v
570: 60 63 66 68 69 72 v
571: 35 37 40 42 44 46 48 50 v
572: 61 60 57 54 51 v
573: 12 11 8 7 4 1 v
574: 15 18 20 21 22 24 25 28 v
575: 4 5 7 9 10 11 13 16 v
576: 98 97 94 93 91 90 v
577: 34 35 37 40 42 43 46 48 v
578: 14 16 18 19 21 22 24 v
579: 71 72 75 78 80 82 v
580: 49 47 45 44 41 40 v
581: 85 86 88 89 90 93 94 96 v
582: 81 78 76 74 73 72 v
583: 63 65 68 70 71 v
584: 62 63 64 67 70 71 74 v
585: 78 76 73 70 67 v
586: 59 58 55 53 52 51 v
587: 52 50 49 46 45 44 41 v
588: 81 78 75 74 72 70 v
589: 28 31 33 35 37 v
590: 50 53 56 58 59 60 v
591: 36 33 30 28 27 24 v
592: 92 89 86 83 82 81 78 75 v
593: 35 33 32 30 27 v
594: 2 3 6 7 10 11 14 15 v
595: 21 22 23 26 29 31 v
596: 31 28 27 24 21 18 v
597: 17 14 12 11 8 6 v
598: 71 70 69 66 65 62 61 59 v
599: 90 89 88 86 85 83 82 80 v
600: 9 12 14 16 18 21 23 v
601: 46 48 51 53 54 v
602: 71 69 66 63 61 60 57 v
603: 85 82 80 77 75 74 73 v
604: 51 52 55 57 59 62 64 65 v
605: 66 65 64 63 60 v
606: 54 57 59 62 63 v
607: 10 9 8 7 4 2 v
608: 53 50 48 47 46 43 41 v
609: 77 80 83 84 87 88 91 v
610: 78 81 84 85 86 88 91 94 v
611: 31 29 28 27 25 23 21 v
612: 6 8 10 13 14 v
613: 27 24 21 20 19 v
614: 16 14 12 9 7 v
615: 18 19 20 23 25 26 29 v
616: 26 28 29 32 34 35 38 v
617: 26 25 23 22 20 18 v
618: 28 31 32 35 36 37 38 v
619: 1 4 6 9 12 13 15 16 v
620: 52 49 48 46 43 40 v
621: 76 77 80 82 85 87 90 91 v
622: 41 44 47 48 51 53 55 v
623: 56 55 53 51 49 47 v
624: 75 72 70 69 67 v
625: 78 81 82 83 85 87 89 90 v
626: 20 17 14 12 10 7 6 v
627: 80 79 77 76 74 73 v
628: 32 33 36 39 42 v
629: 59 62 64 66 67 70 v
630: 33 36 37 38 39 40 v
631: 1 2 4 6 8 9 12 v
632: 25 27 30 32 33 34 36 v
633: 17 18 19 21 23 24 26 v
634: 33 36 39 42 43 44 46 48 v
635: 12 10 9 7 4 v
636: 79 76 74 71 70 69 v
637: 87 84 83 81 80 v
638: 36 35 34 33 31 30 27 24 v
639: 42 41 40 39 37 36 33 32 v
640: 43 41 40 39 38 37 36 33 v
641: 50 51 53 54 57 v
642: 64 67 68 69 71 v
643: 75 76 79 81 83 v
644: 62 65 66 67 70 72 73 v
645: 53 52 50 47 45 v
646: 26 23 21 20 19 16 15 13 v
647: 59 61 64 65 68 70 72 v
648: 69 72 73 76 79 v
649: 54 55 57 59 60 v
650: 38 39 40 42 43 46 49 v
651: 76 77 79 81 82 84 86 89 v
652: 83 86 87 90 93 94 96 98 v
653: 29 31 34 37 40 42 44 46 v
654: 64 63 60 57 55 52 v
655: 1 4 6 8 11 14 17 20 v
656: 39 40 42 43 46 v
657: 70 72 73 74 75 77 80 82 v
658: 18 19 20 22 25 28 31 v
659: 1 3 5 6 8 10 11 13 v
660: 55 53 50 47 44 43 40 37 v
661: 92 90 87 86 85 82 81 78 v
662: 73 72 70 67 64 63 61 v
663: 82 81 79 78 77 v
664: 37 35 34 32 31 28 27 26 v
665: 85 88 89 92 94 97 v
666: 87 84 83 80 78 75 v
667: 18 15 13 10 8 5 2 v
668: 3 6 7 10 13 15 18 21 v
669: 96 94 92 89 87 v
670: 48 46 45 44 41 40 38 v
671: 1 2 3 4 7 8 v
672: 25 27 28 30 31 34 35 v
673: 97 94 92 89 86 v
674: 79 76 74 73 70 v
675: 58 55 52 51 48 46 44 42 v
676: 85 84 83 81 78 75 74 v
677: 57 59 60 63 66 v
678: 75 78 79 82 84 87 v
679: 90 89 86 84 81 78 76 v
680: 60 62 64 65 67 v
681: 28 29 31 33 36 38 40 v
682: 78 75 72 71 68 66 64 v
683: 76 74 73 71 68 67 v
684: 57 55 54 53 51 49 47 44 v
685: 73 75 78 80 81 84 85 86 v
686: 82 84 87 88 91 94 95 97 v
687: 74 76 77 80 81 84 85 86 v
688: 20 21 23 25 28 29 31 v
689: 10 13 15 17 20 23 25 28 v
690: 38 41 42 45 48 51 v
691: 22 21 19 17 16 15 12 v
692: 60 59 56 53 50 48 47 45 v
693: 54 56 58 60 61 63 v
694: 37 38 39 41 43 44 46 v
695: 97 95 92 89 87 v
696: 75 78 80 83 85 87 v
697: 68 71 74 76 78 79 80 v
698: 55 54 53 51 48 v
699: 52 55 58 60 62 v
700: 40 41 44 46 49 52 55 v
701: 39 41 43 44 46 v
702: 36 34 33 31 30 28 v
703: 44 47 48 51 52 v
704: 38 35 34 33 31 30 v
705: 49 48 45 44 41 40 v
706: 23 26 27 28 31 33 35 v
707: 58 57 55 53 50 v
708: 39 41 43 44 47 50 52 v
709: 74 72 70 68 67 v
710: 8 9 12 15 16 19 22 24 v
711: 44 45 48 51 52 54 56 58 v
712: 25 22 19 18 17 14 v
713: 51 53 56 57 58 v
714: 21 19 18 15 14 12 9 7 v
715: 57 55 54 53 50 v
716: 22 21 18 16 13 11 8 v
717: 84 83 80 78 76 75 72 v
718: 32 30 29 27 24 21 18 17 v
719: 28 29 30 32 35 38 39 v
720: 69 71 74 76 77 79 80 81 v
721: 74 71 68 66 64 v
722: 70 69 68 66 65 v
723: 39 37 34 33 30 v
724: 85 86 88 89 90 91 92 94 v
725: 75 72 69 67 64 61 58 v
726: 56 59 61 63 64 66 v
727: 88 85 84 81 78 75 73 71 v
728: 54 57 58 60 62 63 64 v
729: 56 54 52 51 48 v
730: 36 38 40 41 44 v
731: 74 71 69 66 63 v
732: 85 86 88 89 91 v
733: 38 37 36 35 34 v
734: 40 39 38 37 34 32 30 v
735: 72 69 67 66 63 60 59 57 v
736: 38 35 34 32 29 28 25 22 v
737: 30 32 33 36 39 40 v
738: 62 65 66 69 70 72 75 77 v
739: 41 40 38 37 34 33 30 v
740: 14 11 9 8 7 4 3 2 v
741: 40 38 37 35 34 31 v
742: 93 92 90 88 85 82 79 78 v
743: 80 79 76 74 71 68 65 v
744: 56 58 60 61 63 66 v
745: 10 13 16 18 20 22 v
746: 6 7 9 11 13 14 v
747: 97 96 95 93 90 v
748: 17 19 22 24 26 29 30 v
749: 74 73 70 69 66 v
750: 39 41 42 44 46 v
751: 47 44 41 40 38 36 33 v
752: 77 78 81 82 85 87 88 v
753: 85 82 81 78 77 74 v
754: 60 57 55 54 53 v
755: 59 60 61 64 67 70 v
756: 65 67 68 70 73 76 77 v
757: 99 98 97 96 93 90 v
758: 97 94 91 88 85 83 v
759: 74 72 69 67 65 62 61 59 v
760: 23 24 26 27 30 32 v
761: 39 36 35 34 31 v
762: 16 13 11 8 6 v
763: 34 36 39 42 44 v
764: 81 78 75 73 71 68 v
765: 14 11 9 8 7 6 v
766: 89 90 91 93 96 97 v
767: 45 47 49 50 53 56 58 v
768: 8 11 12 15 16 19 20 v
769: 74 77 79 80 83 84 v
770: 55 54 53 52 51 v
771: 36 33 32 30 29 28 v
772: 77 76 73 70 68 66 v
773: 74 75 78 81 84 v
774: 34 32 31 30 27 26 25 24 v
775: 11 9 6 3 1 v
776: 74 71 68 67 64 63 60 v
777: 62 65 67 68 71 v
778: 52 53 55 56 58 61 v
779: 11 13 16 17 18 v
780: 77 76 74 73 71 70 67 65 v
781: 54 51 49 48 47 45 43 40 v
782: 17 14 12 11 9 v
783: 74 73 70 68 66 v
784: 36 39 40 43 46 47 50 52 v
785: 92 91 89 87 86 v
786: 79 76 75 72 71 v
787: 98 95 93 92 89 87 85 83 v
788: 7 8 9 12 15 17 v
789: 39 40 43 44 45 47 48 v
790: 60 59 57 56 53 52 50 v
791: 28 27 26 23 21 19 18 v
792: 40 42 44 46 48 50 51 54 v
793: 15 14 11 10 7 6 3 v
794: 23 26 28 30 33 36 37 v
795: 15 16 17 19 20 21 24 27 v
796: 43 42 41 38 37 34 v
797: 52 55 58 61 63 64 v
798: 76 75 72 71 68 65 63 60 v
799: 52 50 49 48 47 45 v
800: 68 70 71 74 77 v
801: 58 59 60 63 65 v
802: 56 54 53 51 49 48 46 v
803: 62 65 66 67 68 69 70 73 v
804: 11 10 9 8 7 5 2 1 v
805: 43 40 38 35 33 30 v
806: 77 79 80 83 85 87 88 91 v
807: 16 14 11 10 7 v
808: 69 68 66 65 62 v
809: 76 77 79 82 85 86 87 v
810: 17 15 13 10 8 v
811: 81 83 86 88 91 v
812: 42 40 39 36 33 30 v
813: 38 36 35 32 31 v
814: 47 46 45 43 41 v
815: 95 94 91 90 88 v
816: 5 6 7 10 13 v
817: 41 40 39 36 35 v
818: 65 62 61 58 57 56 v
819: 13 10 7 5 4 v
820: 69 72 73 76 78 v
821: 15 17 20 22 25 26 27 29 v
822: 5 7 8 9 11 v
823: 39 36 33 30 27 25 23 21 v
824: 73 70 69 67 64 63 62 v
825: 32 35 38 41 42 44 v
826: 79 80 83 86 89 92 93 96 v
827: 43 41 38 36 35 32 30 27 v
828: 48 49 50 53 54 57 59 v
829: 32 29 27 26 23 v
830: 92 91 90 89 87 85 82 v
831: 22 24 25 27 28 29 30 33 v
832: 20 22 23 25 27 v
833: 71 69 66 65 63 v
834: 43 41 38 35 32 29 v
835: 71 69 67 64 62 59 58 56 v
836: 61 59 57 55 52 50 48 v
837: 57 56 53 50 49 48 v
838: 78 77 75 74 73 71 68 67 v
839: 85 82 80 78 77 74 73 v
840: 18 20 22 25 27 28 v
841: 40 41 42 45 46 49 51 54 v
842: 23 20 17 16 13 v
843: 72 74 75 78 79 82 85 88 v
844: 39 42 45 47 50 51 53 54 v
845: 31 32 33 36 38 41 44 46 v
846: 30 29 27 26 24 23 22 19 v
847: 45 42 39 36 35 v
848: 76 74 73 71 68 v
849: 44 47 48 51 53 54 55 v
850: 48 46 43 41 38 37 v
851: 90 89 86 83 82 v
852: 59 57 56 55 52 51 v
853: 34 31 30 28 27 v
854: 39 36 35 32 31 28 27 v
855: 84 86 87 90 93 95 98 v
856: 95 92 91 88 85 84 81 v
857: 23 25 28 30 31 34 36 39 v
858: 7 8 11 13 15 18 v
859: 80 77 74 71 68 66 64 63 v
860: 36 33 30 27 26 25 24 23 v
861: 96 94 93 90 89 87 85 82 v
862: 18 16 13 11 10 8 v
863: 80 77 75 74 71 v
864: 82 80 79 78 77 74 73 v
865: 18 17 16 13 12 v
866: 91 88 87 85 83 v
867: 41 43 46 48 49 v
868: 74 72 69 68 66 65 v
869: 59 62 65 68 69 71 v
870: 44 46 47 50 51 v
871: 59 60 63 66 69 70 v
872: 26 25 24 21 18 15 v
873: 40 38 35 34 31 30 v
874: 84 87 90 93 96 98 v
875: 39 42 44 46 47 v
876: 22 25 26 27 30 v
877: 14 11 9 8 7 4 v
878: 81 84 85 87 90 91 v
879: 98 97 96 94 92 v
880: 79 76 73 70 67 64 62 61 v
881: 80 81 83 85 88 91 v
882: 91 88 87 86 83 82 80 v
883: 51 54 57 60 62 64 67 v
884: 34 32 29 27 25 23 22 21 v
885: 62 60 58 57 54 53 52 v
886: 16 19 22 24 27 29 32 35 v
887: 26 23 21 20 18 16 v
888: 15 14 11 8 6 3 2 1 v
889: 49 46 43 42 41 40 v
890: 52 54 57 59 61 62 v
891: 87 85 84 81 78 75 72 v
892: 77 76 74 71 70 69 67 65 v
893: 77 74 71 70 69 67 v
894: 66 68 70 73 74 v
895: 15 13 11 10 9 7 6 5 v
896: 52 55 56 58 60 62 65 66 v
897: 80 78 75 73 70 v
898: 88 89 90 93 95 v
899: 76 74 71 70 68 67 66 64 v
900: 87 84 82 80 78 v
901: 76 75 74 73 72 v
902: 73 74 76 79 80 83 v
903: 41 38 37 34 31 28 27 26 v
904: 17 18 20 22 24 25 v
905: 9 11 12 15 18 v
906: 29 31 33 35 38 v
907: 99 97 95 93 90 87 85 v
908: 91 88 85 82 80 79 v
909: 9 12 13 14 16 18 20 21 v
910: 84 81 79 78 77 75 74 v
911: 21 19 17 16 15 12 v
912: 67 65 64 62 59 57 56 v
913: 68 71 73 75 76 78 79 v
914: 68 70 72 73 74 76 v
915: 33 30 27 24 23 v
916: 22 25 28 30 32 34 v
917: 15 18 21 23 26 29 30 32 v
918: 73 70 69 66 64 61 58 v
919: 83 82 79 78 75 74 71 70 v
920: 76 75 73 70 67 v
921: 49 52 55 58 60 63 64 v
922: 33 34 35 38 41 43 44 v
923: 52 51 48 45 44 42 39 37 v
924: 91 92 93 95 97 v
925: 8 9 11 12 13 15 18 19 v
926: 64 63 60 59 56 54 52 51 v
927: 63 61 58 56 54 v
928: 18 16 13 11 10 v
929: 69 66 63 62 59 58 55 v
930: 19 18 15 13 12 v
931: 58 59 61 63 66 68 69 72 v
932: 23 26 29 32 34 37 v
933: 28 26 24 22 19 17 16 v
934: 66 69 72 74 75 76 v
935: 20 23 25 26 28 v
936: 3 4 5 8 10 v
937: 60 57 55 52 51 v
938: 15 18 19 20 21 22 25 v
939: 46 49 51 53 56 v
940: 58 56 54 51 50 47 46 43 v
941: 60 63 64 67 68 71 74 76 v
942: 4 7 9 12 14 15 18 20 v
943: 29 32 34 35 38 40 43 v
944: 21 19 18 16 14 12 v
945: 83 82 80 78 76 73 72 v
946: 64 66 69 71 74 75 v
947: 12 14 15 17 20 22 v
948: 76 75 73 70 67 64 63 62 v
949: 32 31 30 27 26 23 22 v
950: 61 64 66 67 69 v
951: 98 96 94 91 88 v
952: 44 42 40 38 36 35 33 31 v
953: 37 36 34 33 32 30 28 v
954: 25 27 29 31 33 36 v
955: 78 75 72 70 69 66 v
956: 47 44 42 41 40 37 35 32 v
957: 71 69 66 64 61 v
958: 16 15 14 12 11 9 8 v
959: 93 90 89 87 85 84 v
960: 49 52 53 56 58 v
961: 40 38 37 34 32 29 v
962: 97 95 94 91 90 88 87 85 v
963: 67 68 70 72 75 76 v
964: 35 32 31 28 25 v
965: 85 86 87 90 93 95 96 v
966: 41 40 38 37 35 32 29 28 v
967: 6 7 10 12 15 18 v
968: 86 89 90 91 94 96 99 v
969: 50 52 53 56 59 62 65 68 v
970: 50 51 54 55 58 60 62 v
971: 73 72 70 67 64 v
972: 7 9 11 12 14 17 18 19 v
973: 24 26 27 28 29 32 v
974: 78 75 73 70 68 66 64 62 v
975: 79 82 84 87 89 90 91 v
976: 46 44 41 38 37 35 33 31 v
977: 25 23 21 18 15 14 13 12 v
978: 4 6 9 12 15 v
979: 94 91 88 85 82 79 78 v
980: 15 13 12 9 7 4 v
981: 69 68 66 64 61 59 58 v
982: 40 43 46 47 49 v
983: 80 83 84 86 88 90 91 v
984: 53 50 49 48 47 44 43 41 v
985: 68 69 70 72 73 v
986: 56 55 54 52 49 v
987: 35 38 39 40 41 v
988: 44 41 38 35 33 30 29 v
989: 32 35 37 39 40 43 46 48 v
990: 16 15 14 11 10 9 6 v
991: 10 11 13 15 18 19 20 v
992: 37 40 42 45 48 49 v
993: 21 19 18 15 12 9 7 v
994: 68 70 73 76 79 80 v
995: 70 67 64 61 60 57 v
996: 49 52 54 56 58 61 63 v
997: 91 88 85 82 81 v
998: 23 22 21 19 17 15 13 v
999: 72 73 75 77 78 80 81 v
1000: 73 72 71 70 68 66 v
Part 1: 663
Part 2: 688
Part 2 v2: 692
